0.0218
0.0940
0.0965
0.2998
0.2351
0.4968
0.6150
0.1398
0.7054
0.3259
0.8072
0.9099
0.3315
0.7473
0.0797
0.4456
0.8136
0.2099
0.7786
0.2800
0.2538
0.8587
0.4857
0.6071
0.6886
0.2298
0.3276
0.7737
0.7297
0.8248
0.8663
0.7794
0.5275
0.2520
0.1398
0.7099
0.6797
0.6555
0.1288
0.8175
0.7091
0.7166
0.4561
0.1404
0.6209
0.4378
0.4266
0.3047
0.0133
0.8349
0.4592
0.1760
0.4215
0.2047
0.1234
0.1663
0.0717
0.7635
0.8620
0.9935
0.5405
0.3301
0.8286
0.4711
0.0714
0.5456
0.3329
0.3380
0.5882
0.7878
0.2815
0.0217
0.6989
0.3989
0.2834
0.5836
0.3839
0.4204
0.7787
0.5990
0.4349
0.5878
0.6158
0.2922
0.4084
0.7976
0.3943
0.7480
0.2821
0.1612
0.2597
0.1781
0.2561
0.2495
0.7975
0.3085
0.0133
0.3308
0.6823
0.9666